  0        0 4.3
  1    10000 1.7
  2    20000 2.7
  3    30000 5.7
  4    40000 1.3
  5    50000 7.7
  6    60000 1.3
  7    70000 6.0
  8    80000 8.0
  9    90000 2.7
 10   100000 3.7
 11   110000 5.3
 12   120000 4.0
 13   130000 6.7
 14   140000 3.0
 15   150000 3.0
 16   160000 3.7
 17   170000 5.3
 18   180000 4.0
 19   190000 4.0
 20   200000 5.0
 21   210000 3.3
 22   220000 6.3
 23   230000 5.7
 24   240000 6.7
 25   250000 5.7
 26   260000 2.7
 27   270000 5.0
 28   280000 3.0
 29   290000 1.7
 30   300000 4.0
 31   310000 4.7
 32   320000 9.0
 33   330000 5.0
 34   340000 6.7
 35   350000 7.3
 36   360000 8.7
 37   370000 4.3
 38   380000 5.0
 39   390000 4.7
 40   400000 6.3
 41   410000 6.0
 42   420000 9.7
 43   430000 5.3
 44   440000 6.7
 45   450000 9.0
 46   460000 10.3
 47   470000 9.0
 48   480000 5.7
 49   490000 6.7
 50   500000 6.7
 51   510000 5.3
 52   520000 7.7
 53   530000 11.7
 54   540000 16.3
 55   550000 6.0
 56   560000 16.7
 57   570000 10.7
 58   580000 8.0
 59   590000 7.7
 60   600000 10.7
 61   610000 14.3
 62   620000 14.0
 63   630000 20.0
 64   640000 15.7
 65   650000 16.7
 66   660000 11.0
 67   670000 10.7
 68   680000 22.3
 69   690000 11.7
 70   700000 9.3
 71   710000 22.0
 72   720000 16.3
 73   730000 17.3
 74   740000 14.0
 75   750000 13.7
 76   760000 20.0
 77   770000 19.3
 78   780000 20.0
 79   790000 22.3
 80   800000 17.3
 81   810000 11.7
 82   820000 21.0
 83   830000 17.7
 84   840000 25.3
 85   850000 18.3
 86   860000 18.0
 87   870000 20.0
 88   880000 38.0
 89   890000 28.7
 90   900000 30.0
 91   910000 31.7
 92   920000 29.0
 93   930000 98.0
 94   940000 22.7
 95   950000 32.3
 96   960000 24.7
 97   970000 32.3
 98   980000 32.7
 99   990000 32.3
100  1000000 30.7
101  1010000 38.3
102  1020000 45.3
103  1030000 38.0
104  1040000 42.0
105  1050000 39.3
106  1060000 47.7
107  1070000 39.7
108  1080000 52.0
109  1090000 29.3
110  1100000 36.3
111  1110000 43.0
112  1120000 38.0
113  1130000 31.0
114  1140000 35.7
115  1150000 35.3
116  1160000 33.0
117  1170000 46.7
118  1180000 43.3
119  1190000 40.7
120  1200000 32.3
121  1210000 32.7
122  1220000 37.3
123  1230000 47.3
124  1240000 44.7
125  1250000 49.3
126  1260000 38.3
127  1270000 50.7
128  1280000 57.3
129  1290000 35.0
130  1300000 46.7
131  1310000 41.3
132  1320000 39.0
133  1330000 53.7
134  1340000 53.3
135  1350000 56.0
136  1360000 36.0
137  1370000 36.0
138  1380000 33.0
139  1390000 43.0
140  1400000 52.7
141  1410000 46.7
142  1420000 67.7
143  1430000 47.0
144  1440000 34.3
145  1450000 48.0
146  1460000 44.3
147  1470000 29.0
148  1480000 52.3
149  1490000 44.3
150  1500000 39.7
151  1510000 55.0
152  1520000 49.0
153  1530000 48.3
154  1540000 54.7
155  1550000 53.3
156  1560000 83.0
157  1570000 38.3
158  1580000 45.7
159  1590000 54.3
160  1600000 54.3
161  1610000 61.7
162  1620000 45.3
163  1630000 56.3
164  1640000 37.3
165  1650000 44.0
166  1660000 53.3
167  1670000 39.0
168  1680000 41.7
169  1690000 43.0
170  1700000 51.7
171  1710000 42.0
172  1720000 65.0
173  1730000 32.0
174  1740000 64.3
175  1750000 44.3
176  1760000 42.3
177  1770000 50.7
178  1780000 45.3
179  1790000 50.0
180  1800000 54.7
181  1810000 54.7
182  1820000 50.0
183  1830000 30.7
184  1840000 34.7
185  1850000 56.3
186  1860000 59.0
187  1870000 48.7
188  1880000 107.7
189  1890000 37.3
190  1900000 51.3
191  1910000 49.7
192  1920000 56.7
193  1930000 53.7
194  1940000 47.0
195  1950000 54.3
196  1960000 74.7
197  1970000 50.3
198  1980000 54.0
199  1990000 35.0

